{
 "cells": [
  {
   "cell_type": "markdown",
   "metadata": {},
   "source": [
    "# Glass Identification Data set"
   ]
  },
  {
   "cell_type": "markdown",
   "metadata": {},
   "source": [
    "## 1) What the data is about?"
   ]
  },
  {
   "cell_type": "markdown",
   "metadata": {},
   "source": [
    "The dataset for glass identification is a classification dataset.The research of glass classification was prompted by a criminological examination.If the glass left at the crime scene is accurately identified,it can be used as evidence.This data set includes attributes for a variety of glass kinds (multi-class). Because class 6 is clearly a minority group,its points are labelled as outliers, while all other points are labelled as inliers."
   ]
  },
  {
   "cell_type": "markdown",
   "metadata": {},
   "source": [
    "### Attribute Information"
   ]
  },
  {
   "cell_type": "markdown",
   "metadata": {},
   "source": [
    "1. Id number: 1 to 214\n",
    "2. RI: refractive index\n",
    "3. Na: Sodium (unit measurement: weight percent in corresponding oxide, as are attributes 4-10)\n",
    "4. Mg: Magnesium\n",
    "5. Al: Aluminum\n",
    "6. Si: Silicon\n",
    "7. K: Potassium\n",
    "8. Ca: Calcium\n",
    "9. Ba: Barium\n",
    "10. Fe: Iron\n",
    "11. Type of glass: (class attribute)\n",
    "\n",
    "1- building_windows_float_processed\n",
    "2- building_windows_non_float_processed\n",
    "3- vehicle_windows_float_processed\n",
    "4- vehicle_windows_non_float_processed (none in this database)\n",
    "5- containers\n",
    "6- tableware\n",
    "7- headlamps"
   ]
  },
  {
   "cell_type": "markdown",
   "metadata": {},
   "source": [
    "## 2) What type of benefit you might hope to get from data mining?"
   ]
  },
  {
   "cell_type": "markdown",
   "metadata": {},
   "source": [
    "Following are the benefits of data mining--\n",
    "\n",
    "1. It assists businesses in gathering accurate data.\n",
    "2. In comparison to other data applications, it's a time- and money-saving solution.\n",
    "3. It aids organisations in making cost-effective production and operational changes.\n",
    "4. Data mining makes use of both new and old systems.\n",
    "5. It assists firms in making well-informed decisions.\n",
    "6. It aids in the detection of credit risks and fraud.\n",
    "7. It allows data scientists to quickly evaluate large amounts of data.\n",
    "8. The information can be used by data scientists to detect fraud, create risk models, and improve product safety."
   ]
  },
  {
   "cell_type": "markdown",
   "metadata": {},
   "source": [
    "## 3) Discuss data quality issues: For each attribute,\n",
    "##    a) Are there problems with the data?"
   ]
  },
  {
   "cell_type": "code",
   "execution_count": 1,
   "metadata": {},
   "outputs": [],
   "source": [
    "import pandas as pd\n",
    "import numpy as np\n",
    "import matplotlib.pyplot as plt\n",
    "from sklearn.tree import DecisionTreeClassifier\n",
    "from sklearn.ensemble import RandomForestClassifier\n",
    "from sklearn.model_selection import train_test_split\n",
    "from sklearn.metrics import accuracy_score\n",
    "from sklearn.metrics import confusion_matrix,classification_report\n",
    "import seaborn as sns\n",
    "from sklearn import datasets\n"
   ]
  },
  {
   "cell_type": "code",
   "execution_count": 2,
   "metadata": {},
   "outputs": [],
   "source": [
    "#Reading the CSV file and storing it in the data frame object named df\n",
    "\n",
    "df = pd.read_csv(\"https://archive.ics.uci.edu/ml/machine-learning-databases/glass/glass.data\",names=['RI','Na','Mg','Al','Si','K','Ca','Ba','Fe','class'])"
   ]
  },
  {
   "cell_type": "markdown",
   "metadata": {},
   "source": [
    "## Data Exploration\n",
    "\n",
    "### Motivation:\n",
    "\n",
    "Data exploration refers to the preliminary investigation of data in order to better understand its specific characteristics. There are two key motivations for data exploration:\n",
    "\n",
    "1. To help users select the appropriate preprocessing and data analysis technique used.\n",
    "2. To make use of humans’ abilities to recognize patterns in the data."
   ]
  },
  {
   "cell_type": "code",
   "execution_count": 3,
   "metadata": {},
   "outputs": [
    {
     "data": {
      "text/html": [
       "<div>\n",
       "<style scoped>\n",
       "    .dataframe tbody tr th:only-of-type {\n",
       "        vertical-align: middle;\n",
       "    }\n",
       "\n",
       "    .dataframe tbody tr th {\n",
       "        vertical-align: top;\n",
       "    }\n",
       "\n",
       "    .dataframe thead th {\n",
       "        text-align: right;\n",
       "    }\n",
       "</style>\n",
       "<table border=\"1\" class=\"dataframe\">\n",
       "  <thead>\n",
       "    <tr style=\"text-align: right;\">\n",
       "      <th></th>\n",
       "      <th>RI</th>\n",
       "      <th>Na</th>\n",
       "      <th>Mg</th>\n",
       "      <th>Al</th>\n",
       "      <th>Si</th>\n",
       "      <th>K</th>\n",
       "      <th>Ca</th>\n",
       "      <th>Ba</th>\n",
       "      <th>Fe</th>\n",
       "      <th>class</th>\n",
       "    </tr>\n",
       "  </thead>\n",
       "  <tbody>\n",
       "    <tr>\n",
       "      <th>1</th>\n",
       "      <td>1.52101</td>\n",
       "      <td>13.64</td>\n",
       "      <td>4.49</td>\n",
       "      <td>1.10</td>\n",
       "      <td>71.78</td>\n",
       "      <td>0.06</td>\n",
       "      <td>8.75</td>\n",
       "      <td>0.0</td>\n",
       "      <td>0.0</td>\n",
       "      <td>1</td>\n",
       "    </tr>\n",
       "    <tr>\n",
       "      <th>2</th>\n",
       "      <td>1.51761</td>\n",
       "      <td>13.89</td>\n",
       "      <td>3.60</td>\n",
       "      <td>1.36</td>\n",
       "      <td>72.73</td>\n",
       "      <td>0.48</td>\n",
       "      <td>7.83</td>\n",
       "      <td>0.0</td>\n",
       "      <td>0.0</td>\n",
       "      <td>1</td>\n",
       "    </tr>\n",
       "    <tr>\n",
       "      <th>3</th>\n",
       "      <td>1.51618</td>\n",
       "      <td>13.53</td>\n",
       "      <td>3.55</td>\n",
       "      <td>1.54</td>\n",
       "      <td>72.99</td>\n",
       "      <td>0.39</td>\n",
       "      <td>7.78</td>\n",
       "      <td>0.0</td>\n",
       "      <td>0.0</td>\n",
       "      <td>1</td>\n",
       "    </tr>\n",
       "    <tr>\n",
       "      <th>4</th>\n",
       "      <td>1.51766</td>\n",
       "      <td>13.21</td>\n",
       "      <td>3.69</td>\n",
       "      <td>1.29</td>\n",
       "      <td>72.61</td>\n",
       "      <td>0.57</td>\n",
       "      <td>8.22</td>\n",
       "      <td>0.0</td>\n",
       "      <td>0.0</td>\n",
       "      <td>1</td>\n",
       "    </tr>\n",
       "    <tr>\n",
       "      <th>5</th>\n",
       "      <td>1.51742</td>\n",
       "      <td>13.27</td>\n",
       "      <td>3.62</td>\n",
       "      <td>1.24</td>\n",
       "      <td>73.08</td>\n",
       "      <td>0.55</td>\n",
       "      <td>8.07</td>\n",
       "      <td>0.0</td>\n",
       "      <td>0.0</td>\n",
       "      <td>1</td>\n",
       "    </tr>\n",
       "  </tbody>\n",
       "</table>\n",
       "</div>"
      ],
      "text/plain": [
       "        RI     Na    Mg    Al     Si     K    Ca   Ba   Fe  class\n",
       "1  1.52101  13.64  4.49  1.10  71.78  0.06  8.75  0.0  0.0      1\n",
       "2  1.51761  13.89  3.60  1.36  72.73  0.48  7.83  0.0  0.0      1\n",
       "3  1.51618  13.53  3.55  1.54  72.99  0.39  7.78  0.0  0.0      1\n",
       "4  1.51766  13.21  3.69  1.29  72.61  0.57  8.22  0.0  0.0      1\n",
       "5  1.51742  13.27  3.62  1.24  73.08  0.55  8.07  0.0  0.0      1"
      ]
     },
     "execution_count": 3,
     "metadata": {},
     "output_type": "execute_result"
    }
   ],
   "source": [
    "df.head()     # Displaying first few rowsof the data"
   ]
  },
  {
   "cell_type": "code",
   "execution_count": 4,
   "metadata": {},
   "outputs": [
    {
     "data": {
      "text/plain": [
       "(214, 10)"
      ]
     },
     "execution_count": 4,
     "metadata": {},
     "output_type": "execute_result"
    }
   ],
   "source": [
    "df.shape    # Number of rows(instances), Number of Attributes"
   ]
  },
  {
   "cell_type": "code",
   "execution_count": 5,
   "metadata": {},
   "outputs": [
    {
     "name": "stdout",
     "output_type": "stream",
     "text": [
      "<class 'pandas.core.frame.DataFrame'>\n",
      "Int64Index: 214 entries, 1 to 214\n",
      "Data columns (total 10 columns):\n",
      " #   Column  Non-Null Count  Dtype  \n",
      "---  ------  --------------  -----  \n",
      " 0   RI      214 non-null    float64\n",
      " 1   Na      214 non-null    float64\n",
      " 2   Mg      214 non-null    float64\n",
      " 3   Al      214 non-null    float64\n",
      " 4   Si      214 non-null    float64\n",
      " 5   K       214 non-null    float64\n",
      " 6   Ca      214 non-null    float64\n",
      " 7   Ba      214 non-null    float64\n",
      " 8   Fe      214 non-null    float64\n",
      " 9   class   214 non-null    int64  \n",
      "dtypes: float64(9), int64(1)\n",
      "memory usage: 18.4 KB\n"
     ]
    }
   ],
   "source": [
    "df.info()       #Basic information about the DataFrame"
   ]
  },
  {
   "cell_type": "markdown",
   "metadata": {},
   "source": [
    "## Hence there are no null objects"
   ]
  },
  {
   "cell_type": "code",
   "execution_count": 6,
   "metadata": {},
   "outputs": [
    {
     "data": {
      "text/plain": [
       "2    76\n",
       "1    70\n",
       "7    29\n",
       "3    17\n",
       "5    13\n",
       "6     9\n",
       "Name: class, dtype: int64"
      ]
     },
     "execution_count": 6,
     "metadata": {},
     "output_type": "execute_result"
    }
   ],
   "source": [
    "df['class'].value_counts()  #count the frequency for each of its distinct values"
   ]
  },
  {
   "cell_type": "code",
   "execution_count": 7,
   "metadata": {},
   "outputs": [
    {
     "data": {
      "text/html": [
       "<div>\n",
       "<style scoped>\n",
       "    .dataframe tbody tr th:only-of-type {\n",
       "        vertical-align: middle;\n",
       "    }\n",
       "\n",
       "    .dataframe tbody tr th {\n",
       "        vertical-align: top;\n",
       "    }\n",
       "\n",
       "    .dataframe thead th {\n",
       "        text-align: right;\n",
       "    }\n",
       "</style>\n",
       "<table border=\"1\" class=\"dataframe\">\n",
       "  <thead>\n",
       "    <tr style=\"text-align: right;\">\n",
       "      <th></th>\n",
       "      <th>RI</th>\n",
       "      <th>Na</th>\n",
       "      <th>Mg</th>\n",
       "      <th>Al</th>\n",
       "      <th>Si</th>\n",
       "      <th>K</th>\n",
       "      <th>Ca</th>\n",
       "      <th>Ba</th>\n",
       "      <th>Fe</th>\n",
       "      <th>class</th>\n",
       "    </tr>\n",
       "  </thead>\n",
       "  <tbody>\n",
       "    <tr>\n",
       "      <th>count</th>\n",
       "      <td>214.000000</td>\n",
       "      <td>214.000000</td>\n",
       "      <td>214.000000</td>\n",
       "      <td>214.000000</td>\n",
       "      <td>214.000000</td>\n",
       "      <td>214.000000</td>\n",
       "      <td>214.000000</td>\n",
       "      <td>214.000000</td>\n",
       "      <td>214.000000</td>\n",
       "      <td>214.000000</td>\n",
       "    </tr>\n",
       "    <tr>\n",
       "      <th>mean</th>\n",
       "      <td>1.518365</td>\n",
       "      <td>13.407850</td>\n",
       "      <td>2.684533</td>\n",
       "      <td>1.444907</td>\n",
       "      <td>72.650935</td>\n",
       "      <td>0.497056</td>\n",
       "      <td>8.956963</td>\n",
       "      <td>0.175047</td>\n",
       "      <td>0.057009</td>\n",
       "      <td>2.780374</td>\n",
       "    </tr>\n",
       "    <tr>\n",
       "      <th>std</th>\n",
       "      <td>0.003037</td>\n",
       "      <td>0.816604</td>\n",
       "      <td>1.442408</td>\n",
       "      <td>0.499270</td>\n",
       "      <td>0.774546</td>\n",
       "      <td>0.652192</td>\n",
       "      <td>1.423153</td>\n",
       "      <td>0.497219</td>\n",
       "      <td>0.097439</td>\n",
       "      <td>2.103739</td>\n",
       "    </tr>\n",
       "    <tr>\n",
       "      <th>min</th>\n",
       "      <td>1.511150</td>\n",
       "      <td>10.730000</td>\n",
       "      <td>0.000000</td>\n",
       "      <td>0.290000</td>\n",
       "      <td>69.810000</td>\n",
       "      <td>0.000000</td>\n",
       "      <td>5.430000</td>\n",
       "      <td>0.000000</td>\n",
       "      <td>0.000000</td>\n",
       "      <td>1.000000</td>\n",
       "    </tr>\n",
       "    <tr>\n",
       "      <th>25%</th>\n",
       "      <td>1.516523</td>\n",
       "      <td>12.907500</td>\n",
       "      <td>2.115000</td>\n",
       "      <td>1.190000</td>\n",
       "      <td>72.280000</td>\n",
       "      <td>0.122500</td>\n",
       "      <td>8.240000</td>\n",
       "      <td>0.000000</td>\n",
       "      <td>0.000000</td>\n",
       "      <td>1.000000</td>\n",
       "    </tr>\n",
       "    <tr>\n",
       "      <th>50%</th>\n",
       "      <td>1.517680</td>\n",
       "      <td>13.300000</td>\n",
       "      <td>3.480000</td>\n",
       "      <td>1.360000</td>\n",
       "      <td>72.790000</td>\n",
       "      <td>0.555000</td>\n",
       "      <td>8.600000</td>\n",
       "      <td>0.000000</td>\n",
       "      <td>0.000000</td>\n",
       "      <td>2.000000</td>\n",
       "    </tr>\n",
       "    <tr>\n",
       "      <th>75%</th>\n",
       "      <td>1.519157</td>\n",
       "      <td>13.825000</td>\n",
       "      <td>3.600000</td>\n",
       "      <td>1.630000</td>\n",
       "      <td>73.087500</td>\n",
       "      <td>0.610000</td>\n",
       "      <td>9.172500</td>\n",
       "      <td>0.000000</td>\n",
       "      <td>0.100000</td>\n",
       "      <td>3.000000</td>\n",
       "    </tr>\n",
       "    <tr>\n",
       "      <th>max</th>\n",
       "      <td>1.533930</td>\n",
       "      <td>17.380000</td>\n",
       "      <td>4.490000</td>\n",
       "      <td>3.500000</td>\n",
       "      <td>75.410000</td>\n",
       "      <td>6.210000</td>\n",
       "      <td>16.190000</td>\n",
       "      <td>3.150000</td>\n",
       "      <td>0.510000</td>\n",
       "      <td>7.000000</td>\n",
       "    </tr>\n",
       "  </tbody>\n",
       "</table>\n",
       "</div>"
      ],
      "text/plain": [
       "               RI          Na          Mg          Al          Si           K  \\\n",
       "count  214.000000  214.000000  214.000000  214.000000  214.000000  214.000000   \n",
       "mean     1.518365   13.407850    2.684533    1.444907   72.650935    0.497056   \n",
       "std      0.003037    0.816604    1.442408    0.499270    0.774546    0.652192   \n",
       "min      1.511150   10.730000    0.000000    0.290000   69.810000    0.000000   \n",
       "25%      1.516523   12.907500    2.115000    1.190000   72.280000    0.122500   \n",
       "50%      1.517680   13.300000    3.480000    1.360000   72.790000    0.555000   \n",
       "75%      1.519157   13.825000    3.600000    1.630000   73.087500    0.610000   \n",
       "max      1.533930   17.380000    4.490000    3.500000   75.410000    6.210000   \n",
       "\n",
       "               Ca          Ba          Fe       class  \n",
       "count  214.000000  214.000000  214.000000  214.000000  \n",
       "mean     8.956963    0.175047    0.057009    2.780374  \n",
       "std      1.423153    0.497219    0.097439    2.103739  \n",
       "min      5.430000    0.000000    0.000000    1.000000  \n",
       "25%      8.240000    0.000000    0.000000    1.000000  \n",
       "50%      8.600000    0.000000    0.000000    2.000000  \n",
       "75%      9.172500    0.000000    0.100000    3.000000  \n",
       "max     16.190000    3.150000    0.510000    7.000000  "
      ]
     },
     "execution_count": 7,
     "metadata": {},
     "output_type": "execute_result"
    }
   ],
   "source": [
    "df.describe() \n",
    "#display the summary for all the attributes \n",
    "#If an attribute is quantitative, it will display its mean, standard deviation and various quantiles values. \n",
    "#If an attribute is qualitative, it will display its number of unique values and the top (most frequent) values."
   ]
  },
  {
   "cell_type": "code",
   "execution_count": 8,
   "metadata": {},
   "outputs": [
    {
     "data": {
      "text/plain": [
       "RI       0\n",
       "Na       0\n",
       "Mg       0\n",
       "Al       0\n",
       "Si       0\n",
       "K        0\n",
       "Ca       0\n",
       "Ba       0\n",
       "Fe       0\n",
       "class    0\n",
       "dtype: int64"
      ]
     },
     "execution_count": 8,
     "metadata": {},
     "output_type": "execute_result"
    }
   ],
   "source": [
    "## checking for missing values in the data set\n",
    "df.isnull().sum()"
   ]
  },
  {
   "cell_type": "markdown",
   "metadata": {},
   "source": [
    "## Hence, there are no missing values in our Glass identification data set"
   ]
  },
  {
   "cell_type": "code",
   "execution_count": 9,
   "metadata": {},
   "outputs": [
    {
     "data": {
      "text/html": [
       "<div>\n",
       "<style scoped>\n",
       "    .dataframe tbody tr th:only-of-type {\n",
       "        vertical-align: middle;\n",
       "    }\n",
       "\n",
       "    .dataframe tbody tr th {\n",
       "        vertical-align: top;\n",
       "    }\n",
       "\n",
       "    .dataframe thead th {\n",
       "        text-align: right;\n",
       "    }\n",
       "</style>\n",
       "<table border=\"1\" class=\"dataframe\">\n",
       "  <thead>\n",
       "    <tr style=\"text-align: right;\">\n",
       "      <th></th>\n",
       "      <th>RI</th>\n",
       "      <th>Na</th>\n",
       "      <th>Mg</th>\n",
       "      <th>Al</th>\n",
       "      <th>Si</th>\n",
       "      <th>K</th>\n",
       "      <th>Ca</th>\n",
       "      <th>Ba</th>\n",
       "      <th>Fe</th>\n",
       "      <th>class</th>\n",
       "    </tr>\n",
       "  </thead>\n",
       "  <tbody>\n",
       "    <tr>\n",
       "      <th>RI</th>\n",
       "      <td>9.222541e-06</td>\n",
       "      <td>-0.000476</td>\n",
       "      <td>-0.000536</td>\n",
       "      <td>-0.000618</td>\n",
       "      <td>-0.001275</td>\n",
       "      <td>-0.000574</td>\n",
       "      <td>0.003502</td>\n",
       "      <td>-5.828836e-07</td>\n",
       "      <td>0.000042</td>\n",
       "      <td>-0.001049</td>\n",
       "    </tr>\n",
       "    <tr>\n",
       "      <th>Na</th>\n",
       "      <td>-4.758592e-04</td>\n",
       "      <td>0.666841</td>\n",
       "      <td>-0.322422</td>\n",
       "      <td>0.063926</td>\n",
       "      <td>-0.044154</td>\n",
       "      <td>-0.141713</td>\n",
       "      <td>-0.320106</td>\n",
       "      <td>1.326109e-01</td>\n",
       "      <td>-0.019204</td>\n",
       "      <td>0.863939</td>\n",
       "    </tr>\n",
       "    <tr>\n",
       "      <th>Mg</th>\n",
       "      <td>-5.356087e-04</td>\n",
       "      <td>-0.322422</td>\n",
       "      <td>2.080540</td>\n",
       "      <td>-0.346967</td>\n",
       "      <td>-0.185375</td>\n",
       "      <td>0.005076</td>\n",
       "      <td>-0.910916</td>\n",
       "      <td>-3.530469e-01</td>\n",
       "      <td>0.011674</td>\n",
       "      <td>-2.260643</td>\n",
       "    </tr>\n",
       "    <tr>\n",
       "      <th>Al</th>\n",
       "      <td>-6.175934e-04</td>\n",
       "      <td>0.063926</td>\n",
       "      <td>-0.346967</td>\n",
       "      <td>0.249270</td>\n",
       "      <td>-0.002136</td>\n",
       "      <td>0.106138</td>\n",
       "      <td>-0.184450</td>\n",
       "      <td>1.190103e-01</td>\n",
       "      <td>-0.003620</td>\n",
       "      <td>0.628970</td>\n",
       "    </tr>\n",
       "    <tr>\n",
       "      <th>Si</th>\n",
       "      <td>-1.275010e-03</td>\n",
       "      <td>-0.044154</td>\n",
       "      <td>-0.185375</td>\n",
       "      <td>-0.002136</td>\n",
       "      <td>0.599921</td>\n",
       "      <td>-0.097662</td>\n",
       "      <td>-0.230085</td>\n",
       "      <td>-3.934042e-02</td>\n",
       "      <td>-0.007109</td>\n",
       "      <td>0.246967</td>\n",
       "    </tr>\n",
       "    <tr>\n",
       "      <th>K</th>\n",
       "      <td>-5.740478e-04</td>\n",
       "      <td>-0.141713</td>\n",
       "      <td>0.005076</td>\n",
       "      <td>0.106138</td>\n",
       "      <td>-0.097662</td>\n",
       "      <td>0.425354</td>\n",
       "      <td>-0.295006</td>\n",
       "      <td>-1.382028e-02</td>\n",
       "      <td>-0.000491</td>\n",
       "      <td>-0.013795</td>\n",
       "    </tr>\n",
       "    <tr>\n",
       "      <th>Ca</th>\n",
       "      <td>3.502498e-03</td>\n",
       "      <td>-0.320106</td>\n",
       "      <td>-0.910916</td>\n",
       "      <td>-0.184450</td>\n",
       "      <td>-0.230085</td>\n",
       "      <td>-0.295006</td>\n",
       "      <td>2.025366</td>\n",
       "      <td>-7.984845e-02</td>\n",
       "      <td>0.017329</td>\n",
       "      <td>0.002851</td>\n",
       "    </tr>\n",
       "    <tr>\n",
       "      <th>Ba</th>\n",
       "      <td>-5.828836e-07</td>\n",
       "      <td>0.132611</td>\n",
       "      <td>-0.353047</td>\n",
       "      <td>0.119010</td>\n",
       "      <td>-0.039340</td>\n",
       "      <td>-0.013820</td>\n",
       "      <td>-0.079848</td>\n",
       "      <td>2.472270e-01</td>\n",
       "      <td>-0.002844</td>\n",
       "      <td>0.601630</td>\n",
       "    </tr>\n",
       "    <tr>\n",
       "      <th>Fe</th>\n",
       "      <td>4.231770e-05</td>\n",
       "      <td>-0.019204</td>\n",
       "      <td>0.011674</td>\n",
       "      <td>-0.003620</td>\n",
       "      <td>-0.007109</td>\n",
       "      <td>-0.000491</td>\n",
       "      <td>0.017329</td>\n",
       "      <td>-2.843522e-03</td>\n",
       "      <td>0.009494</td>\n",
       "      <td>-0.038594</td>\n",
       "    </tr>\n",
       "    <tr>\n",
       "      <th>class</th>\n",
       "      <td>-1.049273e-03</td>\n",
       "      <td>0.863939</td>\n",
       "      <td>-2.260643</td>\n",
       "      <td>0.628970</td>\n",
       "      <td>0.246967</td>\n",
       "      <td>-0.013795</td>\n",
       "      <td>0.002851</td>\n",
       "      <td>6.016300e-01</td>\n",
       "      <td>-0.038594</td>\n",
       "      <td>4.425716</td>\n",
       "    </tr>\n",
       "  </tbody>\n",
       "</table>\n",
       "</div>"
      ],
      "text/plain": [
       "                 RI        Na        Mg        Al        Si         K  \\\n",
       "RI     9.222541e-06 -0.000476 -0.000536 -0.000618 -0.001275 -0.000574   \n",
       "Na    -4.758592e-04  0.666841 -0.322422  0.063926 -0.044154 -0.141713   \n",
       "Mg    -5.356087e-04 -0.322422  2.080540 -0.346967 -0.185375  0.005076   \n",
       "Al    -6.175934e-04  0.063926 -0.346967  0.249270 -0.002136  0.106138   \n",
       "Si    -1.275010e-03 -0.044154 -0.185375 -0.002136  0.599921 -0.097662   \n",
       "K     -5.740478e-04 -0.141713  0.005076  0.106138 -0.097662  0.425354   \n",
       "Ca     3.502498e-03 -0.320106 -0.910916 -0.184450 -0.230085 -0.295006   \n",
       "Ba    -5.828836e-07  0.132611 -0.353047  0.119010 -0.039340 -0.013820   \n",
       "Fe     4.231770e-05 -0.019204  0.011674 -0.003620 -0.007109 -0.000491   \n",
       "class -1.049273e-03  0.863939 -2.260643  0.628970  0.246967 -0.013795   \n",
       "\n",
       "             Ca            Ba        Fe     class  \n",
       "RI     0.003502 -5.828836e-07  0.000042 -0.001049  \n",
       "Na    -0.320106  1.326109e-01 -0.019204  0.863939  \n",
       "Mg    -0.910916 -3.530469e-01  0.011674 -2.260643  \n",
       "Al    -0.184450  1.190103e-01 -0.003620  0.628970  \n",
       "Si    -0.230085 -3.934042e-02 -0.007109  0.246967  \n",
       "K     -0.295006 -1.382028e-02 -0.000491 -0.013795  \n",
       "Ca     2.025366 -7.984845e-02  0.017329  0.002851  \n",
       "Ba    -0.079848  2.472270e-01 -0.002844  0.601630  \n",
       "Fe     0.017329 -2.843522e-03  0.009494 -0.038594  \n",
       "class  0.002851  6.016300e-01 -0.038594  4.425716  "
      ]
     },
     "execution_count": 9,
     "metadata": {},
     "output_type": "execute_result"
    }
   ],
   "source": [
    "df.cov()                    #Covariance"
   ]
  },
  {
   "cell_type": "code",
   "execution_count": 10,
   "metadata": {},
   "outputs": [
    {
     "data": {
      "text/html": [
       "<div>\n",
       "<style scoped>\n",
       "    .dataframe tbody tr th:only-of-type {\n",
       "        vertical-align: middle;\n",
       "    }\n",
       "\n",
       "    .dataframe tbody tr th {\n",
       "        vertical-align: top;\n",
       "    }\n",
       "\n",
       "    .dataframe thead th {\n",
       "        text-align: right;\n",
       "    }\n",
       "</style>\n",
       "<table border=\"1\" class=\"dataframe\">\n",
       "  <thead>\n",
       "    <tr style=\"text-align: right;\">\n",
       "      <th></th>\n",
       "      <th>RI</th>\n",
       "      <th>Na</th>\n",
       "      <th>Mg</th>\n",
       "      <th>Al</th>\n",
       "      <th>Si</th>\n",
       "      <th>K</th>\n",
       "      <th>Ca</th>\n",
       "      <th>Ba</th>\n",
       "      <th>Fe</th>\n",
       "      <th>class</th>\n",
       "    </tr>\n",
       "  </thead>\n",
       "  <tbody>\n",
       "    <tr>\n",
       "      <th>RI</th>\n",
       "      <td>1.000000</td>\n",
       "      <td>-0.191885</td>\n",
       "      <td>-0.122274</td>\n",
       "      <td>-0.407326</td>\n",
       "      <td>-0.542052</td>\n",
       "      <td>-0.289833</td>\n",
       "      <td>0.810403</td>\n",
       "      <td>-0.000386</td>\n",
       "      <td>0.143010</td>\n",
       "      <td>-0.164237</td>\n",
       "    </tr>\n",
       "    <tr>\n",
       "      <th>Na</th>\n",
       "      <td>-0.191885</td>\n",
       "      <td>1.000000</td>\n",
       "      <td>-0.273732</td>\n",
       "      <td>0.156794</td>\n",
       "      <td>-0.069809</td>\n",
       "      <td>-0.266087</td>\n",
       "      <td>-0.275442</td>\n",
       "      <td>0.326603</td>\n",
       "      <td>-0.241346</td>\n",
       "      <td>0.502898</td>\n",
       "    </tr>\n",
       "    <tr>\n",
       "      <th>Mg</th>\n",
       "      <td>-0.122274</td>\n",
       "      <td>-0.273732</td>\n",
       "      <td>1.000000</td>\n",
       "      <td>-0.481799</td>\n",
       "      <td>-0.165927</td>\n",
       "      <td>0.005396</td>\n",
       "      <td>-0.443750</td>\n",
       "      <td>-0.492262</td>\n",
       "      <td>0.083060</td>\n",
       "      <td>-0.744993</td>\n",
       "    </tr>\n",
       "    <tr>\n",
       "      <th>Al</th>\n",
       "      <td>-0.407326</td>\n",
       "      <td>0.156794</td>\n",
       "      <td>-0.481799</td>\n",
       "      <td>1.000000</td>\n",
       "      <td>-0.005524</td>\n",
       "      <td>0.325958</td>\n",
       "      <td>-0.259592</td>\n",
       "      <td>0.479404</td>\n",
       "      <td>-0.074402</td>\n",
       "      <td>0.598829</td>\n",
       "    </tr>\n",
       "    <tr>\n",
       "      <th>Si</th>\n",
       "      <td>-0.542052</td>\n",
       "      <td>-0.069809</td>\n",
       "      <td>-0.165927</td>\n",
       "      <td>-0.005524</td>\n",
       "      <td>1.000000</td>\n",
       "      <td>-0.193331</td>\n",
       "      <td>-0.208732</td>\n",
       "      <td>-0.102151</td>\n",
       "      <td>-0.094201</td>\n",
       "      <td>0.151565</td>\n",
       "    </tr>\n",
       "    <tr>\n",
       "      <th>K</th>\n",
       "      <td>-0.289833</td>\n",
       "      <td>-0.266087</td>\n",
       "      <td>0.005396</td>\n",
       "      <td>0.325958</td>\n",
       "      <td>-0.193331</td>\n",
       "      <td>1.000000</td>\n",
       "      <td>-0.317836</td>\n",
       "      <td>-0.042618</td>\n",
       "      <td>-0.007719</td>\n",
       "      <td>-0.010054</td>\n",
       "    </tr>\n",
       "    <tr>\n",
       "      <th>Ca</th>\n",
       "      <td>0.810403</td>\n",
       "      <td>-0.275442</td>\n",
       "      <td>-0.443750</td>\n",
       "      <td>-0.259592</td>\n",
       "      <td>-0.208732</td>\n",
       "      <td>-0.317836</td>\n",
       "      <td>1.000000</td>\n",
       "      <td>-0.112841</td>\n",
       "      <td>0.124968</td>\n",
       "      <td>0.000952</td>\n",
       "    </tr>\n",
       "    <tr>\n",
       "      <th>Ba</th>\n",
       "      <td>-0.000386</td>\n",
       "      <td>0.326603</td>\n",
       "      <td>-0.492262</td>\n",
       "      <td>0.479404</td>\n",
       "      <td>-0.102151</td>\n",
       "      <td>-0.042618</td>\n",
       "      <td>-0.112841</td>\n",
       "      <td>1.000000</td>\n",
       "      <td>-0.058692</td>\n",
       "      <td>0.575161</td>\n",
       "    </tr>\n",
       "    <tr>\n",
       "      <th>Fe</th>\n",
       "      <td>0.143010</td>\n",
       "      <td>-0.241346</td>\n",
       "      <td>0.083060</td>\n",
       "      <td>-0.074402</td>\n",
       "      <td>-0.094201</td>\n",
       "      <td>-0.007719</td>\n",
       "      <td>0.124968</td>\n",
       "      <td>-0.058692</td>\n",
       "      <td>1.000000</td>\n",
       "      <td>-0.188278</td>\n",
       "    </tr>\n",
       "    <tr>\n",
       "      <th>class</th>\n",
       "      <td>-0.164237</td>\n",
       "      <td>0.502898</td>\n",
       "      <td>-0.744993</td>\n",
       "      <td>0.598829</td>\n",
       "      <td>0.151565</td>\n",
       "      <td>-0.010054</td>\n",
       "      <td>0.000952</td>\n",
       "      <td>0.575161</td>\n",
       "      <td>-0.188278</td>\n",
       "      <td>1.000000</td>\n",
       "    </tr>\n",
       "  </tbody>\n",
       "</table>\n",
       "</div>"
      ],
      "text/plain": [
       "             RI        Na        Mg        Al        Si         K        Ca  \\\n",
       "RI     1.000000 -0.191885 -0.122274 -0.407326 -0.542052 -0.289833  0.810403   \n",
       "Na    -0.191885  1.000000 -0.273732  0.156794 -0.069809 -0.266087 -0.275442   \n",
       "Mg    -0.122274 -0.273732  1.000000 -0.481799 -0.165927  0.005396 -0.443750   \n",
       "Al    -0.407326  0.156794 -0.481799  1.000000 -0.005524  0.325958 -0.259592   \n",
       "Si    -0.542052 -0.069809 -0.165927 -0.005524  1.000000 -0.193331 -0.208732   \n",
       "K     -0.289833 -0.266087  0.005396  0.325958 -0.193331  1.000000 -0.317836   \n",
       "Ca     0.810403 -0.275442 -0.443750 -0.259592 -0.208732 -0.317836  1.000000   \n",
       "Ba    -0.000386  0.326603 -0.492262  0.479404 -0.102151 -0.042618 -0.112841   \n",
       "Fe     0.143010 -0.241346  0.083060 -0.074402 -0.094201 -0.007719  0.124968   \n",
       "class -0.164237  0.502898 -0.744993  0.598829  0.151565 -0.010054  0.000952   \n",
       "\n",
       "             Ba        Fe     class  \n",
       "RI    -0.000386  0.143010 -0.164237  \n",
       "Na     0.326603 -0.241346  0.502898  \n",
       "Mg    -0.492262  0.083060 -0.744993  \n",
       "Al     0.479404 -0.074402  0.598829  \n",
       "Si    -0.102151 -0.094201  0.151565  \n",
       "K     -0.042618 -0.007719 -0.010054  \n",
       "Ca    -0.112841  0.124968  0.000952  \n",
       "Ba     1.000000 -0.058692  0.575161  \n",
       "Fe    -0.058692  1.000000 -0.188278  \n",
       "class  0.575161 -0.188278  1.000000  "
      ]
     },
     "execution_count": 10,
     "metadata": {},
     "output_type": "execute_result"
    }
   ],
   "source": [
    "df.corr(method='pearson')       #Correlation"
   ]
  },
  {
   "cell_type": "code",
   "execution_count": 11,
   "metadata": {},
   "outputs": [],
   "source": [
    "#Handling\n",
    "del df['Fe']\n",
    "del df['Ba']"
   ]
  },
  {
   "cell_type": "markdown",
   "metadata": {},
   "source": [
    "### Deleteing two columns as their values are too low and our model will become more sophisticated and complex\n",
    "\n",
    "### We will build our model based on attributes in the columns 2-8 "
   ]
  },
  {
   "cell_type": "code",
   "execution_count": 12,
   "metadata": {},
   "outputs": [
    {
     "data": {
      "text/html": [
       "<div>\n",
       "<style scoped>\n",
       "    .dataframe tbody tr th:only-of-type {\n",
       "        vertical-align: middle;\n",
       "    }\n",
       "\n",
       "    .dataframe tbody tr th {\n",
       "        vertical-align: top;\n",
       "    }\n",
       "\n",
       "    .dataframe thead th {\n",
       "        text-align: right;\n",
       "    }\n",
       "</style>\n",
       "<table border=\"1\" class=\"dataframe\">\n",
       "  <thead>\n",
       "    <tr style=\"text-align: right;\">\n",
       "      <th></th>\n",
       "      <th>RI</th>\n",
       "      <th>Na</th>\n",
       "      <th>Mg</th>\n",
       "      <th>Al</th>\n",
       "      <th>Si</th>\n",
       "      <th>K</th>\n",
       "      <th>Ca</th>\n",
       "      <th>class</th>\n",
       "    </tr>\n",
       "  </thead>\n",
       "  <tbody>\n",
       "    <tr>\n",
       "      <th>1</th>\n",
       "      <td>1.52101</td>\n",
       "      <td>13.64</td>\n",
       "      <td>4.49</td>\n",
       "      <td>1.10</td>\n",
       "      <td>71.78</td>\n",
       "      <td>0.06</td>\n",
       "      <td>8.75</td>\n",
       "      <td>1</td>\n",
       "    </tr>\n",
       "    <tr>\n",
       "      <th>2</th>\n",
       "      <td>1.51761</td>\n",
       "      <td>13.89</td>\n",
       "      <td>3.60</td>\n",
       "      <td>1.36</td>\n",
       "      <td>72.73</td>\n",
       "      <td>0.48</td>\n",
       "      <td>7.83</td>\n",
       "      <td>1</td>\n",
       "    </tr>\n",
       "    <tr>\n",
       "      <th>3</th>\n",
       "      <td>1.51618</td>\n",
       "      <td>13.53</td>\n",
       "      <td>3.55</td>\n",
       "      <td>1.54</td>\n",
       "      <td>72.99</td>\n",
       "      <td>0.39</td>\n",
       "      <td>7.78</td>\n",
       "      <td>1</td>\n",
       "    </tr>\n",
       "    <tr>\n",
       "      <th>4</th>\n",
       "      <td>1.51766</td>\n",
       "      <td>13.21</td>\n",
       "      <td>3.69</td>\n",
       "      <td>1.29</td>\n",
       "      <td>72.61</td>\n",
       "      <td>0.57</td>\n",
       "      <td>8.22</td>\n",
       "      <td>1</td>\n",
       "    </tr>\n",
       "    <tr>\n",
       "      <th>5</th>\n",
       "      <td>1.51742</td>\n",
       "      <td>13.27</td>\n",
       "      <td>3.62</td>\n",
       "      <td>1.24</td>\n",
       "      <td>73.08</td>\n",
       "      <td>0.55</td>\n",
       "      <td>8.07</td>\n",
       "      <td>1</td>\n",
       "    </tr>\n",
       "  </tbody>\n",
       "</table>\n",
       "</div>"
      ],
      "text/plain": [
       "        RI     Na    Mg    Al     Si     K    Ca  class\n",
       "1  1.52101  13.64  4.49  1.10  71.78  0.06  8.75      1\n",
       "2  1.51761  13.89  3.60  1.36  72.73  0.48  7.83      1\n",
       "3  1.51618  13.53  3.55  1.54  72.99  0.39  7.78      1\n",
       "4  1.51766  13.21  3.69  1.29  72.61  0.57  8.22      1\n",
       "5  1.51742  13.27  3.62  1.24  73.08  0.55  8.07      1"
      ]
     },
     "execution_count": 12,
     "metadata": {},
     "output_type": "execute_result"
    }
   ],
   "source": [
    "df.head()"
   ]
  },
  {
   "cell_type": "markdown",
   "metadata": {},
   "source": [
    "## Data Visualization"
   ]
  },
  {
   "cell_type": "code",
   "execution_count": 13,
   "metadata": {},
   "outputs": [
    {
     "data": {
      "text/plain": [
       "<matplotlib.axes._subplots.AxesSubplot at 0x2930d28ef48>"
      ]
     },
     "execution_count": 13,
     "metadata": {},
     "output_type": "execute_result"
    },
    {
     "data": {
